21390035
39284989
35782929
17534106
11869910
11869910
13035764
13035764
16353729
19798153
13331698
13636848
13269890
19463985
17071871
13148429
12182744
20915118
41260764
38579921
12850345
16175874
20297332
13411544
16476924
13413590
13413590
31593201
22138800
41670630
41662881
41682345
33058590
41678594
41679687
41669000
26526230
10873824
7894791
993984
4936620
14254379
2891790
6910641
1401712
16856788
4098131
2369492
2369492
1574088
13784201
8955869
12822762
8213522
14711655
8718885
3373256
4348733
4706451
9169052
19410042
3899980
14777066
11244514
15858192
27704490
16834861
16750333
9622163
5484922
10101700
5328556
6146778
2176424
8931268
10514315
9008370
3305865
9215658
7906365
17201172
9707676
7726852
7449585
19184484
3584805
2982929
4150171
4092927
7875688
6682784
25674612
10357992
13728392
6539944
14754931
3486121
22787209
2484527
12608788
21784641
2849286
4018860
6697259
7404116
13384653
27630114
4581504
11507028
6030098
7965743
13397022
13240633
1066758
14493334
14002480
13570287
